1.524702162832030012e+02
1.308665740041137155e+02
5.274368160428954155e+01
4.795350569385547601e+01
3.299461940177520347e+01
2.925499444625021894e+01
2.112952837555370422e+01
1.342166104195820608e+01
1.162778166650259593e+01
1.031884035964080182e+00
9.025859192603156167e-01
5.795708972443296414e-01
4.981617127770136544e-01
4.001041967955424328e-01
2.894762012611846180e-01
2.499221930384965817e-01
2.345592910455924496e-01
2.178768814598382730e-01
2.148578136674829941e-01
2.104045579105345010e-01
