1.596265401282973340e+00
1.590680611829406121e+00
1.590680414729299219e+00
1.585078246179941308e+00
1.581447934830301438e+00
1.581411018532786317e+00
1.575849408519178985e+00
1.575848521140893022e+00
1.568596983761888719e+00
1.568595286495678476e+00
1.566601877796369724e+00
1.563018258064853283e+00
1.563017902985770702e+00
1.553776036964743312e+00
1.553775739973376036e+00
1.552318048983430954e+00
1.552277580772982279e+00
1.546723565563683289e+00
1.546722790476844578e+00
1.540956236063668827e+00
1.537487302396993050e+00
1.537486542718912164e+00
1.532683361612225514e+00
1.532683236713799246e+00
1.527131976518220968e+00
1.527093673585748768e+00
1.524675522243313486e+00
1.524675220835082223e+00
1.517884118452432318e+00
1.517883348870838311e+00
1.509931863011979569e+00
1.509931708159330865e+00
1.508404826125888887e+00
1.505082835767207472e+00
1.505081094748223602e+00
1.504366207996681748e+00
1.504366096074170933e+00
1.495163956812357142e+00
1.495126677646095859e+00
1.488823910192554001e+00
1.488823294506125050e+00
1.484250418693365381e+00
1.484249830341720866e+00
1.482355283275733182e+00
1.482354149114637476e+00
1.478689582362234134e+00
1.478688367771108680e+00
1.469476228280636398e+00
1.469381851032067532e+00
1.469236880153900193e+00
